
StartChar: ohorn
Encoding: 417 417 204
Width: 753
VWidth: 0
Flags: W
HStem: -4 207<299.559 453.802> 788.571 332.428 813 207<298.931 454.258>
VStem: 68 206<233.425 782.575> 479 207<232.394 782.575> 593.5 142.513<955.758 1121>
LayerCount: 2
Fore
Refer: 147 795 S 0.802439 0 0 0.810801 671.818 11.1752 2
Refer: 77 111 N 1 0 0 1 0 0 2
Validated: 5
EndChar
