
StartChar: ohorn
Encoding: 417 417 204
Width: 753
VWidth: 0
Flags: HW
LayerCount: 2
Fore
Refer: 147 795 S 0.802439 0 0 0.810801 671.818 11.1752 2
Refer: 77 111 N 1 0 0 1 0 0 2
EndChar
