
StartChar: uhorn
Encoding: 432 432 223
Width: 786
VWidth: 0
Flags: W
HStem: 0 205<306.751 424.364> 813 316.274 1004 20<86 291 496 700>
VStem: 86 205<220.213 1024> 496 204<0 205 219.703 1024> 698 142<972.063 1129.27>
LayerCount: 2
Fore
Refer: 147 795 S 0.799551 0 0 0.771401 776.036 73.3808 2
Refer: 83 117 N 1 0 0 1 0 0 2
Validated: 5
EndChar
