
StartChar: uhorn
Encoding: 432 432 223
Width: 786
VWidth: 0
Flags: HW
LayerCount: 2
Fore
Refer: 147 795 S 0.799551 0 0 0.771401 839.036 76.3808 2
Refer: 83 117 N 1 0 0 1 0 0 2
EndChar
