
StartChar: uni1EC9
Encoding: 7881 7881 183
Width: 376
VWidth: 0
Flags: H
LayerCount: 2
Fore
Refer: 148 777 S 1.02667 0 0 1.06723 263.506 138.714 2
Refer: 71 105 N 1 0 0 1 0 0 3
EndChar
