
StartChar: uni1EC9
Encoding: 7881 7881 183
Width: 376
VWidth: 0
HStem: 0 21<86 291> 1004 20<86 291> 1229 205<86 291> 1445 254.001
VStem: 86 205<0 1024 1229 1434> 178 374
LayerCount: 2
Fore
Refer: 148 777 S 1.02667 0 0 1.06723 263.506 138.714 2
Refer: 71 105 N 1 0 0 1 0 0 3
Validated: 1
EndChar
