StartChar: lslash
Encoding: 243 322 246
Width: 408
GlyphClass: 2
Flags: W
HStem: 0 205<300.06 383> 1414 20G<74 279>
VStem: 74 205<225.748 1434>
LayerCount: 2
Fore
Refer: 16 45 N 0.819092 0.573547 -0.573608 0.819092 277 90 2
Refer: 79 108 N 1 0 0 1 0 0 2
Validated: 5
EndChar
