StartChar: ohorn
Encoding: 307 417 310
Width: 753
GlyphClass: 2
Flags: W
HStem: -4 207<299.559 453.801> 788.549 332.424 813 207<298.715 454.042>
VStem: 68 206<233.425 782.575> 479 207<232.394 782.575> 593.362 142.832<955.572 1120.97>
LayerCount: 2
Fore
Refer: 336 795 N 0.802429 0 0 0.810791 672 11 2
Refer: 82 111 N 1 0 0 1 0 0 2
Validated: 5
EndChar
